374.953,202.669,760,428
133080855214966958,587.661,587.705,0.983351,0.0807188,-0.162816,0.164271,-0.0133247,0.925555,0.378384,0.079948,0.181238,-0.369913,0.91122,-0.218941,0,0,0,1
133080855221297757,587.661,587.705,0.963697,0.121134,-0.237946,0.177344,-0.0239736,0.926825,0.374734,0.077244,0.265927,-0.355425,0.896081,-0.239416,0,0,0,1
133080855221630957,587.661,587.705,0.961792,0.124701,-0.243737,0.178348,-0.024987,0.926517,0.375427,0.0767339,0.272643,-0.354991,0.894233,-0.24223,0,0,0,1
133080855221964157,587.661,587.705,0.959897,0.129147,-0.248841,0.179445,-0.0266818,0.925637,0.377475,0.0759616,0.279087,-0.355696,0.891962,-0.245321,0,0,0,1
133080855224962956,587.661,587.705,0.91542,0.204951,-0.346414,0.20914,-0.0529398,0.914485,0.401146,0.0675708,0.399006,-0.348877,0.847988,-0.285376,0,0,0,1
133080855225629355,587.661,587.705,0.908016,0.214141,-0.360073,0.219455,-0.0534599,0.911692,0.407386,0.0669237,0.415513,-0.350662,0.839279,-0.293944,0,0,0,1
133080855225962555,587.661,587.705,0.906122,0.215707,-0.363892,0.225233,-0.0518292,0.910354,0.410578,0.0677564,0.419834,-0.353172,0.836071,-0.297623,0,0,0,1
133080855226295755,587.661,587.705,0.903901,0.217184,-0.368507,0.23202,-0.0501059,0.909341,0.413027,0.0689159,0.424801,-0.35487,0.832836,-0.300462,0,0,0,1
133080855226628955,587.661,587.705,0.900029,0.219065,-0.376776,0.240265,-0.0484166,0.909404,0.41309,0.0700187,0.433135,-0.353549,0.829097,-0.302256,0,0,0,1
133080855226962155,587.661,587.705,0.894453,0.220234,-0.389171,0.250235,-0.0455958,0.91069,0.41057,0.0703457,0.444836,-0.349489,0.824611,-0.302903,0,0,0,1
133080855227295355,587.661,587.705,0.887175,0.221196,-0.404963,0.262351,-0.0419179,0.912622,0.406654,0.0701599,0.459528,-0.343797,0.818927,-0.302724,0,0,0,1
133080855227628555,587.661,587.705,0.87807,0.222469,-0.423678,0.276241,-0.038413,0.915278,0.400991,0.0683869,0.47699,-0.335823,0.812224,-0.30156,0,0,0,1
133080855230294154,587.661,587.705,0.775379,0.275597,-0.568188,0.433761,-0.0345567,0.916915,0.397588,0.0718067,0.630553,-0.288645,0.72048,-0.282763,0,0,0,1
133080855230627354,587.661,587.705,0.757073,0.28464,-0.588067,0.455112,-0.0354365,0.916671,0.398073,0.0737113,0.652371,-0.28053,0.704074,-0.278586,0,0,0,1
133080855230960554,587.661,587.705,0.734993,0.293743,-0.611149,0.47596,-0.0356973,0.916812,0.397725,0.0750238,0.677137,-0.270508,0.684336,-0.27353,0,0,0,1
133080855231293754,587.661,587.705,0.710364,0.302642,-0.635449,0.496702,-0.0360435,0.917294,0.396582,0.0757504,0.702914,-0.258812,0.66252,-0.268234,0,0,0,1
133080855231626953,587.661,587.705,0.683215,0.312078,-0.660172,0.517113,-0.0374855,0.917873,0.395105,0.0760577,0.729257,-0.245194,0.638802,-0.262891,0,0,0,1
133080855231960153,587.661,587.705,0.654688,0.322518,-0.683643,0.536807,-0.039164,0.917668,0.395418,0.0756907,0.754886,-0.2321,0.613417,-0.258056,0,0,0,1
133080855232293353,587.661,587.705,0.625307,0.334011,-0.705288,0.555518,-0.0402169,0.916367,0.398318,0.0752968,0.779345,-0.220705,0.586443,-0.253212,0,0,0,1
133080855232626553,587.661,587.705,0.593754,0.345626,-0.726637,0.574128,-0.0403999,0.914717,0.402075,0.0748548,0.803632,-0.209377,0.55708,-0.249347,0,0,0,1
133080855235625352,587.661,587.705,0.336186,0.391368,-0.856628,0.743306,-0.0237927,0.912808,0.407698,0.0565737,0.941496,-0.11668,0.316185,-0.255562,0,0,0,1
133080855236291751,587.661,587.705,0.288388,0.390568,-0.874238,0.785311,-0.0149783,0.914757,0.40373,0.0520642,0.957397,-0.103336,0.269655,-0.268064,0,0,0,1
133080855236624951,587.661,587.705,0.261229,0.389891,-0.883032,0.80697,-0.0111307,0.915953,0.401134,0.0497279,0.965213,-0.0949582,0.243613,-0.274691,0,0,0,1
133080855236958151,587.661,587.705,0.232173,0.390917,-0.890664,0.829061,-0.00721005,0.916351,0.400312,0.0474465,0.972649,-0.0865193,0.215571,-0.281604,0,0,0,1
133080855237291351,587.661,587.705,0.199535,0.393825,-0.897268,0.851525,-0.00485846,0.916068,0.400996,0.046264,0.97988,-0.0756527,0.184701,-0.288174,0,0,0,1
133080855237624551,587.661,587.705,0.162181,0.395501,-0.904035,0.873992,-0.00292093,0.916352,0.400366,0.0474209,0.986757,-0.0622903,0.14977,-0.293562,0,0,0,1
133080855237957751,587.661,587.705,0.121294,0.394448,-0.910879,0.897532,-0.000682592,0.917687,0.397306,0.0512124,0.992617,-0.0475686,0.11158,-0.299168,0,0,0,1
133080855238290951,587.661,587.705,0.0785051,0.392398,-0.91644,0.921341,0.00202021,0.919212,0.393759,0.0564995,0.996913,-0.0327629,0.0713703,-0.303903,0,0,0,1
133080855238624151,587.661,587.705,0.0360469,0.390606,-0.919853,0.944808,0.00476944,0.920373,0.391015,0.0617513,0.99934,-0.0184814,0.0313139,-0.307776,0,0,0,1
133080855241289749,587.661,587.705,-0.226369,0.357134,-0.90621,1.11308,0.00733024,0.930957,0.365057,0.0718062,0.974016,0.0759951,-0.213357,-0.284123,0,0,0,1
133080855242955749,587.661,587.705,-0.336107,0.322723,-0.884807,1.22606,-0.0094938,0.938253,0.345824,0.0501722,0.941777,0.124635,-0.312289,-0.231595,0,0,0,1
133080855243288949,587.661,587.705,-0.350075,0.315225,-0.88209,1.24933,-0.0114929,0.940161,0.34054,0.0413837,0.936652,0.129353,-0.325504,-0.218497,0,0,0,1
133080855243955348,587.661,587.705,-0.368368,0.306619,-0.877662,1.3003,-0.0157727,0.941851,0.335665,0.0376989,0.929548,0.137492,-0.342111,-0.188755,0,0,0,1
133080855244288548,587.661,587.705,-0.376992,0.305473,-0.874394,1.32482,-0.0185095,0.941376,0.336854,0.0393161,0.926033,0.143176,-0.349236,-0.172955,0,0,0,1
133080855244621749,587.661,587.705,-0.385321,0.308956,-0.869526,1.34857,-0.0212697,0.939063,0.34309,0.0421231,0.922539,0.150695,-0.355269,-0.157842,0,0,0,1
133080855244954948,587.661,587.705,-0.395526,0.311411,-0.864051,1.37144,-0.0259377,0.936603,0.349433,0.0460058,0.91809,0.160622,-0.362373,-0.143688,0,0,0,1
133080855245288148,587.661,587.705,-0.407346,0.307834,-0.859831,1.39296,-0.0296068,0.936536,0.349323,0.0512218,0.912795,0.167753,-0.37238,-0.13038,0,0,0,1
133080855249952946,587.661,587.705,-0.61686,0.25332,-0.745195,1.69971,-0.00479661,0.945564,0.325404,0.0345491,0.78706,0.204303,-0.582065,0.0558321,0,0,0,1
133080855250286146,587.661,587.705,-0.627001,0.248046,-0.738475,1.72899,-0.00483413,0.946697,0.322092,0.0343449,0.779005,0.205522,-0.592381,0.0667569,0,0,0,1
133080855250619346,587.661,587.705,-0.639324,0.241636,-0.729986,1.76017,-0.00681464,0.947524,0.319614,0.0360331,0.768909,0.209312,-0.604128,0.0804384,0,0,0,1
133080855250952546,587.661,587.705,-0.653119,0.23616,-0.719491,1.79032,-0.00714274,0.948165,0.317704,0.0406482,0.757224,0.212637,-0.617577,0.0949152,0,0,0,1
133080855251285745,587.661,587.705,-0.667185,0.231365,-0.70805,1.8193,-0.0078534,0.948304,0.317272,0.0465921,0.744852,0.21724,-0.630876,0.109996,0,0,0,1
133080855251618945,587.661,587.705,-0.682594,0.223636,-0.69574,1.85138,-0.0106733,0.948874,0.315476,0.0536402,0.730721,0.222768,-0.645309,0.100803,0,0,0,1
133080855253951344,587.661,587.705,-0.746113,0.187787,-0.638793,2.02595,-0.0172467,0.953632,0.300485,0.0855003,0.665599,0.235213,-0.708277,0.222952,0,0,0,1
133080855254284544,587.661,587.705,-0.752291,0.184209,-0.632558,2.04731,-0.0191581,0.953596,0.300485,0.0826833,0.658555,0.238171,-0.713852,0.243311,0,0,0,1
133080855254617744,587.661,587.705,-0.756902,0.18148,-0.627829,2.06814,-0.0191266,0.954109,0.298854,0.0789363,0.653252,0.238211,-0.718694,0.264206,0,0,0,1
133080855254950944,587.661,587.705,-0.7605,0.178529,-0.624317,2.08833,-0.0196664,0.954689,0.296959,0.0744778,0.649043,0.238115,-0.722529,0.285734,0,0,0,1
133080855255284144,587.661,587.705,-0.7625,0.176764,-0.622376,2.10793,-0.0196933,0.955169,0.295411,0.0697592,0.646692,0.237507,-0.724834,0.307772,0,0,0,1
133080855259615742,587.661,587.705,-0.732858,0.199556,-0.650463,2.34992,0.00625856,0.957959,0.286842,0.0943473,0.680357,0.206143,-0.703295,0.595277,0,0,0,1
133080855259948941,587.661,587.705,-0.734379,0.200884,-0.648334,2.36944,0.00856806,0.957868,0.287088,0.090962,0.678688,0.205276,-0.705158,0.614885,0,0,0,1
133080855260282141,587.661,587.705,-0.736951,0.200073,-0.645661,2.38989,0.0103826,0.958431,0.285142,0.0859199,0.67587,0.203432,-0.708392,0.634654,0,0,0,1
133080855260615341,587.661,587.705,-0.740331,0.199155,-0.642068,2.41098,0.0126683,0.959074,0.282876,0.0795926,0.672127,0.201288,-0.712554,0.65517,0,0,0,1
133080855260948541,587.661,587.705,-0.743807,0.199073,-0.638064,2.43429,0.015883,0.959613,0.280881,0.07237,0.668209,0.198787,-0.716927,0.674946,0,0,0,1
133080855261281741,587.661,587.705,-0.746416,0.199119,-0.634995,2.45815,0.0199387,0.960452,0.277738,0.0656745,0.665184,0.194647,-0.720865,0.696921,0,0,0,1
133080855261614941,587.661,587.705,-0.748481,0.197275,-0.633137,2.48361,0.0220972,0.961619,0.273502,0.059816,0.662791,0.190721,-0.724111,0.719562,0,0,0,1
133080855263947340,587.661,587.705,-0.775758,0.183703,-0.603703,2.67093,0.0162195,0.962178,0.271944,0.0819078,0.630826,0.201171,-0.749395,0.889078,0,0,0,1
133080855264280539,587.661,587.705,-0.780257,0.177103,-0.599865,2.69179,0.0127406,0.963376,0.267855,0.0891026,0.625333,0.201353,-0.753936,0.91376,0,0,0,1
133080855264613739,587.661,587.705,-0.784371,0.170889,-0.596291,2.71186,0.00830398,0.96411,0.265378,0.0949016,0.62024,0.203203,-0.757638,0.938354,0,0,0,1
133080855264946939,587.661,587.705,-0.787476,0.166983,-0.593297,2.73102,0.00511777,0.96434,0.264621,0.0987539,0.616327,0.205346,-0.760249,0.963243,0,0,0,1
133080855265280138,587.661,587.705,-0.790022,0.163222,-0.590955,2.74983,0.00228938,0.964689,0.263387,0.100408,0.613077,0.206729,-0.762498,0.988608,0,0,0,1
133080855265613338,587.661,587.705,-0.792135,0.159032,-0.589266,2.77332,-0.00104468,0.965105,0.261869,0.101062,0.610348,0.208051,-0.764326,1.01718,0,0,0,1
133080855267945737,587.661,587.705,-0.79363,0.1419,-0.591624,2.91239,-0.0229971,0.96473,0.262239,0.0609515,0.607968,0.221727,-0.762375,1.23501,0,0,0,1
133080855268278937,587.661,587.705,-0.789617,0.145518,-0.596098,2.93097,-0.021115,0.964455,0.26341,0.0598766,0.613239,0.22058,-0.758476,1.26935,0,0,0,1
133080855268612137,587.661,587.705,-0.784596,0.149286,-0.601769,2.94938,-0.020584,0.963774,0.26593,0.062111,0.619668,0.221036,-0.7531,1.303,0,0,0,1
133080855268945337,587.661,587.705,-0.780026,0.151833,-0.60705,2.9671,-0.0213194,0.963105,0.268283,0.0668187,0.625386,0.22221,-0.74801,1.33576,0,0,0,1
133080855269278536,587.661,587.705,-0.776568,0.152008,-0.611423,2.98595,-0.0230893,0.962941,0.268726,0.0735116,0.629612,0.222802,-0.744279,1.36748,0,0,0,1
133080855269611736,587.661,587.705,-0.774803,0.150328,-0.614073,3.00377,-0.0274335,0.96241,0.270218,0.0797054,0.63161,0.226212,-0.741553,1.39612,0,0,0,1
133080855269944936,587.661,587.705,-0.772848,0.150928,-0.616385,3.02288,-0.0313459,0.961042,0.274624,0.0868235,0.633819,0.231564,-0.738008,1.42483,0,0,0,1
133080855270278136,587.661,587.705,-0.771472,0.153455,-0.617484,3.04267,-0.0326412,0.959658,0.279273,0.0930976,0.635428,0.235608,-0.73534,1.45262,0,0,0,1
133080855271610935,587.661,587.705,-0.774803,0.171211,-0.60858,3.12284,-0.0187355,0.955992,0.292801,0.0876182,0.631927,0.238266,-0.737497,1.56107,0,0,0,1
133080855271944135,587.661,587.705,-0.778122,0.173623,-0.603642,3.14413,-0.0137874,0.956086,0.292767,0.0792652,0.627964,0.236132,-0.741557,1.58955,0,0,0,1
133080855272277335,587.661,587.705,-0.783056,0.173477,-0.59727,3.16673,-0.00881303,0.957123,0.289552,0.0697594,0.621891,0.232,-0.747951,1.61889,0,0,0,1
133080855272610535,587.661,587.705,-0.787118,0.176206,-0.5911,3.19049,-0.00154495,0.957761,0.287566,0.0595525,0.616802,0.227262,-0.753599,1.64823,0,0,0,1
133080855272943735,587.661,587.705,-0.789571,0.182025,-0.586044,3.21551,0.00663684,0.957474,0.28845,0.0500546,0.613626,0.223863,-0.757201,1.67781,0,0,0,1
133080855273276934,587.661,587.705,-0.792374,0.185887,-0.581026,3.24176,0.0115842,0.956858,0.290329,0.0427516,0.609927,0.22332,-0.760343,1.70814,0,0,0,1
133080855275609333,587.661,587.705,-0.816822,0.174293,-0.549933,3.41647,0.014175,0.959046,0.282901,0.0801136,0.576718,0.223286,-0.78584,1.92387,0,0,0,1
133080855275942533,587.661,587.705,-0.81417,0.170452,-0.555046,3.43616,0.0107382,0.960198,0.279121,0.0881569,0.58053,0.221292,-0.783594,1.95281,0,0,0,1
133080855276275733,587.661,587.705,-0.811148,0.166249,-0.560716,3.45523,0.0059064,0.961027,0.276395,0.0934615,0.584813,0.220886,-0.780517,1.98218,0,0,0,1
133080855276608933,587.661,587.705,-0.809253,0.163627,-0.564215,3.47379,0.00138228,0.960956,0.276703,0.0953959,0.587461,0.223144,-0.777882,2.01185,0,0,0,1
133080855276942132,587.661,587.705,-0.808026,0.16048,-0.566873,3.49218,-0.00394451,0.960692,0.277593,0.0941097,0.589137,0.226539,-0.77563,2.04219,0,0,0,1
133080855277275332,587.661,587.705,-0.806992,0.15594,-0.569604,3.51059,-0.00929549,0.961036,0.276272,0.0902013,0.590492,0.228245,-0.774098,2.07341,0,0,0,1
133080855278608132,587.661,587.705,-0.801731,0.135583,-0.582107,3.58234,-0.0275386,0.964518,0.262584,0.0583167,0.597054,0.226552,-0.769549,2.20744,0,0,0,1
133080855278941331,587.661,587.705,-0.798735,0.133231,-0.58675,3.60044,-0.0322658,0.96429,0.262882,0.0512657,0.600819,0.228905,-0.765913,2.24401,0,0,0,1
133080855279274531,587.661,587.705,-0.796596,0.134828,-0.589287,3.61845,-0.033593,0.963432,0.265844,0.0474749,0.603581,0.231567,-0.762936,2.28159,0,0,0,1
133080855279607731,587.661,587.705,-0.79399,0.135883,-0.592553,3.63728,-0.0351601,0.962806,0.267902,0.0488808,0.606916,0.233546,-0.75968,2.32133,0,0,0,1
133080855279940931,587.661,587.705,-0.791857,0.138283,-0.594848,3.65682,-0.0365167,0.961565,0.272145,0.0543265,0.609617,0.237222,-0.756371,2.36029,0,0,0,1
133080855280274131,587.661,587.705,-0.791417,0.139852,-0.595066,3.67835,-0.0370848,0.960701,0.275104,0.0680221,0.610153,0.239791,-0.755127,2.40784,0,0,0,1
133080855281273730,587.661,587.705,-0.791284,0.148249,-0.593206,3.74459,-0.0263547,0.960992,0.275319,0.097325,0.610881,0.23349,-0.756511,2.51541,0,0,0,1
133080855281606930,587.661,587.705,-0.794311,0.148876,-0.588989,3.76681,-0.0241924,0.960988,0.275532,0.102561,0.607031,0.233107,-0.759722,2.54609,0,0,0,1
133080855281940130,587.661,587.705,-0.798664,0.148651,-0.58313,3.78903,-0.0228219,0.960833,0.276192,0.104593,0.601346,0.233893,-0.763989,2.57665,0,0,0,1
133080855282273329,587.661,587.705,-0.803488,0.150072,-0.576097,3.81068,-0.0194821,0.960559,0.277397,0.103218,0.595003,0.234109,-0.768873,2.605,0,0,0,1
133080855282606529,587.661,587.705,-0.807256,0.153663,-0.569849,3.83321,-0.0135344,0.96044,0.278162,0.0994062,0.590048,0.23226,-0.773241,2.63283,0,0,0,1
133080855283606129,587.661,587.705,-0.82225,0.152809,-0.54823,3.90287,-0.00162487,0.962647,0.270759,0.0730318,0.569126,0.223522,-0.791288,2.7154,0,0,0,1
133080855283939329,587.661,587.705,-0.828055,0.150587,-0.540046,3.92808,0.00077381,0.96356,0.267496,0.0633281,0.560648,0.221083,-0.797997,2.74299,0,0,0,1
133080855284272528,587.661,587.705,-0.834172,0.147113,-0.531523,3.95501,0.00177372,0.964478,0.264163,0.0552828,0.551504,0.219414,-0.8048,2.77041,0,0,0,1
133080855287937726,587.661,587.705,-0.853592,0.144087,-0.500621,4.24125,0.0104601,0.965536,0.260063,0.0982213,0.520839,0.216751,-0.825681,3.06838,0,0,0,1
133080855288270925,587.661,587.705,-0.847706,0.143774,-0.510612,4.26646,0.00755799,0.965746,0.259382,0.0926319,0.530413,0.21602,-0.819756,3.09666,0,0,0,1
133080855288604125,587.661,587.705,-0.839362,0.144883,-0.52391,4.29214,0.00518298,0.965914,0.258813,0.085021,0.54355,0.214523,-0.811503,3.12629,0,0,0,1
133080855288937325,587.661,587.705,-0.830945,0.145635,-0.536957,4.31797,0.00224638,0.966003,0.258527,0.0760294,0.556352,0.213615,-0.803022,3.15713,0,0,0,1
133080855289270525,587.661,587.705,-0.823054,0.145879,-0.548911,4.34363,-0.00117236,0.966015,0.258487,0.0670428,0.567964,0.213392,-0.794911,3.18866,0,0,0,1
133080855289603725,587.661,587.705,-0.816097,0.147072,-0.55889,4.36891,-0.00464609,0.965376,0.260824,0.0595931,0.577898,0.215454,-0.787157,3.22156,0,0,0,1
133080855289936924,587.661,587.705,-0.810088,0.151061,-0.566516,4.39368,-0.00382642,0.964857,0.262752,0.0542085,0.586298,0.215019,-0.781041,3.25477,0,0,0,1
133080855293268922,587.661,587.705,-0.757926,0.176319,-0.628062,4.65667,0.00632725,0.964722,0.263197,0.0979499,0.652311,0.19551,-0.732304,3.57436,0,0,0,1
133080855293602122,587.661,587.705,-0.756335,0.178689,-0.629309,4.68875,0.00962892,0.964909,0.262409,0.0945549,0.654115,0.19241,-0.731515,3.61368,0,0,0,1
133080855293935322,587.661,587.705,-0.755588,0.17852,-0.630255,4.7182,0.0113297,0.965567,0.259915,0.08802,0.654952,0.189248,-0.731593,3.64512,0,0,0,1
133080855294268522,587.661,587.705,-0.756048,0.175307,-0.630604,4.74951,0.0140639,0.967593,0.252128,0.0784264,0.654366,0.181752,-0.734013,3.67621,0,0,0,1
133080855294601722,587.661,587.705,-0.757479,0.172467,-0.629671,4.78183,0.0181481,0.969669,0.243763,0.0681098,0.65261,0.173217,-0.737632,3.70632,0,0,0,1
133080855294934921,587.661,587.705,-0.758925,0.172453,-0.62793,4.81576,0.0231377,0.970829,0.238662,0.0592705,0.650769,0.166598,-0.740775,3.73647,0,0,0,1
133080855298266919,587.661,587.705,-0.764008,0.150205,-0.62748,5.13055,-0.0250937,0.964873,0.261523,0.104855,0.64472,0.215552,-0.733401,4.04123,0,0,0,1
133080855298600119,587.661,587.705,-0.762257,0.147672,-0.630206,5.15412,-0.0343786,0.963018,0.26724,0.102225,0.646363,0.225372,-0.72899,4.07282,0,0,0,1
133080855298933319,587.661,587.705,-0.762141,0.141905,-0.631669,5.17669,-0.0447267,0.961812,0.270037,0.0959476,0.645865,0.23406,-0.726689,4.10528,0,0,0,1
133080855299266519,587.661,587.705,-0.762648,0.13609,-0.632336,5.19938,-0.0538267,0.960872,0.271717,0.0871009,0.644571,0.241261,-0.725482,4.13882,0,0,0,1
133080855299599718,587.661,587.705,-0.763132,0.129709,-0.633093,5.2215,-0.061489,0.960633,0.270935,0.0767365,0.643312,0.245688,-0.725114,4.1737,0,0,0,1
133080855299932918,587.661,587.705,-0.763524,0.122692,-0.634018,5.24346,-0.0696114,0.96043,0.269688,0.0660615,0.642018,0.250049,-0.72477,4.20991,0,0,0,1
133080855302265317,587.661,587.705,-0.752099,0.109452,-0.6499,5.39964,-0.0976589,0.956719,0.274141,0.0748806,0.651777,0.26965,-0.708857,4.47096,0,0,0,1
133080855302598517,587.661,587.705,-0.752907,0.109664,-0.648927,5.42352,-0.0968429,0.956826,0.274057,0.0847852,0.650964,0.269184,-0.709781,4.5023,0,0,0,1
133080855302931716,587.661,587.705,-0.754807,0.113189,-0.646109,5.44825,-0.0925432,0.956773,0.275726,0.0933652,0.649388,0.267913,-0.711703,4.53303,0,0,0,1
133080855303264916,587.661,587.705,-0.757439,0.118144,-0.642129,5.47337,-0.0852388,0.957182,0.276657,0.0985444,0.647319,0.264286,-0.714936,4.56314,0,0,0,1
133080855303598116,587.661,587.705,-0.759995,0.122821,-0.638221,5.49854,-0.0777514,0.95775,0.276899,0.09934,0.645264,0.260065,-0.718334,4.5929,0,0,0,1
133080855303931316,587.661,587.705,-0.761795,0.12858,-0.634931,5.5241,-0.0698324,0.958096,0.27781,0.0957496,0.644045,0.255973,-0.720893,4.62263,0,0,0,1
133080855304264515,587.661,587.705,-0.763294,0.134251,-0.631951,5.55047,-0.0613051,0.958707,0.277713,0.0886598,0.643139,0.250719,-0.723544,4.65258,0,0,0,1
133080855306263713,587.661,587.705,-0.780614,0.151881,-0.606281,5.75411,-0.021884,0.96279,0.269369,0.0468409,0.624633,0.223541,-0.748243,4.86431,0,0,0,1
133080855308929312,587.661,587.705,-0.78889,0.158363,-0.593783,5.98841,-0.033094,0.953878,0.29837,0.106977,0.613647,0.255031,-0.747262,5.12718,0,0,0,1
133080855309262511,587.661,587.705,-0.787737,0.152101,-0.596941,6.01146,-0.0385458,0.95497,0.294193,0.105136,0.614807,0.254757,-0.746402,5.15885,0,0,0,1
133080855309595711,587.661,587.705,-0.787064,0.145227,-0.599536,6.03434,-0.0436428,0.956349,0.288954,0.0997915,0.615329,0.25359,-0.746369,5.19038,0,0,0,1
133080855309928911,587.661,587.705,-0.787125,0.138452,-0.601057,6.05705,-0.0472292,0.958092,0.282545,0.0919919,0.614986,0.250786,-0.747598,5.2228,0,0,0,1
133080855310262111,587.661,587.705,-0.786478,0.131989,-0.603354,6.07987,-0.0489735,0.960497,0.273955,0.0828557,0.615677,0.245008,-0.748944,5.2561,0,0,0,1
133080855310595310,587.661,587.705,-0.78412,0.127405,-0.607395,6.10235,-0.0502348,0.962462,0.266733,0.0733557,0.618577,0.239663,-0.748284,5.28999,0,0,0,1
133080855310928510,587.661,587.705,-0.781548,0.123554,-0.611491,6.12408,-0.0532858,0.96339,0.262762,0.0649073,0.621569,0.237945,-0.74635,5.32502,0,0,0,1
133080855313260909,587.661,587.705,-0.776133,0.12482,-0.618096,6.27795,-0.0493203,0.965195,0.256846,0.100511,0.628641,0.229831,-0.742962,5.56386,0,0,0,1
133080855314260508,587.661,587.705,-0.776657,0.126587,-0.617077,6.34824,-0.0470613,0.965204,0.257234,0.109386,0.628167,0.228823,-0.743674,5.65057,0,0,0,1
133080855314593708,587.661,587.705,-0.776412,0.127452,-0.617208,6.37256,-0.043573,0.96614,0.25432,0.10525,0.628722,0.22435,-0.744568,5.67953,0,0,0,1
133080855314926907,587.661,587.705,-0.775441,0.1304,-0.617812,6.39718,-0.0384098,0.966891,0.252289,0.0977788,0.630255,0.219366,-0.744756,5.70872,0,0,0,1
133080855315260107,587.661,587.705,-0.775566,0.13015,-0.617707,6.42241,-0.0342383,0.968404,0.24703,0.0887203,0.63034,0.212738,-0.746605,5.73819,0,0,0,1
133080855315593307,587.661,587.705,-0.776833,0.12949,-0.616252,6.44881,-0.0285594,0.970378,0.239904,0.0785415,0.629061,0.203965,-0.750123,5.76805,0,0,0,1
133080855315926507,587.661,587.705,-0.778252,0.130006,-0.614351,6.47635,-0.0214388,0.972265,0.232905,0.0687313,0.62759,0.194429,-0.753878,5.79748,0,0,0,1
133080855316259707,587.661,587.705,-0.779956,0.129716,-0.612248,6.50555,-0.0162547,0.973757,0.227017,0.0609736,0.625628,0.187015,-0.757378,5.82746,0,0,0,1
133080855319591704,587.661,587.705,-0.797357,0.107469,-0.593866,6.80658,-0.0327922,0.97485,0.220444,0.129858,0.60262,0.195247,-0.773778,6.17942,0,0,0,1
133080855319924904,587.661,587.705,-0.796798,0.101542,-0.595656,6.82853,-0.0372085,0.975665,0.216095,0.130239,0.603102,0.194348,-0.773628,6.20976,0,0,0,1
133080855320258104,587.661,587.705,-0.795518,0.0953345,-0.598387,6.85032,-0.0404729,0.976981,0.209459,0.127339,0.60458,0.190846,-0.773346,6.24055,0,0,0,1
133080855320591303,587.661,587.705,-0.793542,0.0898499,-0.601849,6.8718,-0.0433638,0.978176,0.203208,0.121345,0.606971,0.187352,-0.772327,6.27218,0,0,0,1
133080855320924503,587.661,587.705,-0.79161,0.0867224,-0.604844,6.89223,-0.0465946,0.978429,0.20127,0.109374,0.609251,0.18751,-0.770492,6.30767,0,0,0,1
133080855321257703,587.661,587.705,-0.789716,0.0866654,-0.607323,6.9129,-0.04896,0.977912,0.203213,0.101194,0.611519,0.190215,-0.768028,6.33598,0,0,0,1
133080855324589700,587.661,587.705,-0.78128,0.122063,-0.612132,7.11053,-0.0392039,0.969162,0.243294,0.124643,0.622951,0.214079,-0.7524,6.65174,0,0,0,1
133080855328921297,587.661,587.705,-0.807483,0.139032,-0.573276,7.39077,-0.00966083,0.968583,0.24851,0.0869892,0.589816,0.206206,-0.780769,6.99866,0,0,0,1
133080855331586894,587.661,587.705,-0.80498,0.133132,-0.578175,7.56327,-0.027413,0.965114,0.260396,0.102193,0.592672,0.225464,-0.773247,7.24716,0,0,0,1
133080855331920094,587.661,587.705,-0.803617,0.130471,-0.580672,7.58363,-0.0305178,0.965358,0.259141,0.0954804,0.594367,0.225972,-0.771796,7.27795,0,0,0,1
133080855332253294,587.661,587.705,-0.801396,0.129097,-0.584039,7.60299,-0.0327037,0.965514,0.258294,0.0877376,0.597243,0.226097,-0.769536,7.30889,0,0,0,1
133080855332586494,587.661,587.705,-0.798629,0.128472,-0.587953,7.62159,-0.0356429,0.965139,0.259305,0.0801282,0.600769,0.228046,-0.766208,7.34001,0,0,0,1
133080855332919693,587.661,587.705,-0.795815,0.127496,-0.591969,7.63945,-0.0393554,0.964628,0.260665,0.07337,0.604263,0.230739,-0.762647,7.37142,0,0,0,1
133080855333252893,587.661,587.705,-0.793686,0.125674,-0.595207,7.65712,-0.0411934,0.96508,0.258701,0.0696132,0.606934,0.229846,-0.760793,7.40321,0,0,0,1
133080855333586093,587.661,587.705,-0.790608,0.126692,-0.599075,7.67569,-0.0390034,0.965956,0.255753,0.0710151,0.611082,0.225567,-0.758751,7.43579,0,0,0,1
133080855335252092,587.661,587.705,-0.782772,0.139897,-0.606382,7.77479,-0.0355541,0.96276,0.268013,0.106968,0.621295,0.231353,-0.748647,7.58063,0,0,0,1
133080855335585291,587.661,587.705,-0.781013,0.140887,-0.608418,7.79609,-0.0344895,0.963005,0.26727,0.112234,0.623565,0.229726,-0.74726,7.60648,0,0,0,1
133080855335918491,587.661,587.705,-0.778638,0.14251,-0.611078,7.81768,-0.0332699,0.963122,0.267004,0.114442,0.626593,0.228231,-0.745182,7.63188,0,0,0,1
133080855337584490,587.661,587.705,-0.778316,0.149513,-0.609814,7.92834,-0.0196326,0.964965,0.261646,0.0893519,0.627568,0.215616,-0.748113,7.75915,0,0,0,1
133080855338250888,587.661,587.705,-0.780025,0.150722,-0.607328,7.97971,-0.0120528,0.966761,0.255405,0.0738697,0.625635,0.206542,-0.75228,7.81446,0,0,0,1
133080855338584088,587.661,587.705,-0.780273,0.149458,-0.607321,8.00761,-0.00939586,0.968119,0.25032,0.0680606,0.625371,0.201025,-0.753992,7.84124,0,0,0,1
133080855338917288,587.661,587.705,-0.78043,0.149875,-0.607017,8.03688,-0.00608809,0.968978,0.247074,0.0651758,0.625216,0.196519,-0.755307,7.8683,0,0,0,1
133080855339250488,587.661,587.705,-0.78187,0.150776,-0.604937,8.06815,-0.00376145,0.969157,0.246417,0.0664611,0.623433,0.194943,-0.757187,7.89866,0,0,0,1
133080855342915685,587.661,587.705,-0.790529,0.136222,-0.597086,8.323,-0.0267736,0.96633,0.255912,0.106175,0.611842,0.218293,-0.760264,8.20832,0,0,0,1
133080855343248884,587.661,587.705,-0.789061,0.134011,-0.599523,8.34431,-0.0280688,0.967033,0.253104,0.0979636,0.613676,0.216543,-0.759286,8.23871,0,0,0,1
133080855343582084,587.661,587.705,-0.78709,0.132005,-0.60255,8.36516,-0.0293599,0.96771,0.250355,0.0895998,0.616142,0.214744,-0.757799,8.26932,0,0,0,1
133080855343915284,587.661,587.705,-0.784649,0.13154,-0.605827,8.38574,-0.0302879,0.96793,0.249391,0.0821176,0.619203,0.214034,-0.755501,8.30091,0,0,0,1
133080855344248483,587.661,587.705,-0.782765,0.131174,-0.608339,8.40565,-0.0302469,0.96836,0.247723,0.0768802,0.621585,0.21231,-0.75403,8.33337,0,0,0,1
133080855344581683,587.661,587.705,-0.779996,0.132211,-0.611662,8.42665,-0.0274653,0.969254,0.244529,0.0760128,0.625185,0.207532,-0.752382,8.36818,0,0,0,1
133080855345248082,587.661,587.705,-0.770356,0.132738,-0.623647,8.46664,-0.0271397,0.970379,0.240062,0.0825036,0.637039,0.201859,-0.743935,8.43413,0,0,0,1
133080855345581282,587.661,587.705,-0.766432,0.132858,-0.628439,8.48696,-0.0253164,0.971368,0.236233,0.0898571,0.64183,0.196967,-0.741122,8.4658,0,0,0,1
133080855345914482,587.661,587.705,-0.763171,0.13331,-0.632299,8.50794,-0.0242268,0.9719,0.234151,0.102414,0.645746,0.194016,-0.738494,8.49728,0,0,0,1
133080855349246479,587.661,587.705,-0.764537,0.154863,-0.625703,8.77174,-0.00426447,0.969475,0.24516,0.0934503,0.644569,0.190101,-0.740538,8.8434,0,0,0,1
133080855349579679,587.661,587.705,-0.765812,0.154953,-0.624119,8.79801,-0.0018149,0.970012,0.243057,0.0862353,0.643064,0.187268,-0.742564,8.87176,0,0,0,1
133080855349912878,587.661,587.705,-0.766986,0.154548,-0.622776,8.82519,-0.000830404,0.970323,0.241819,0.0809357,0.641666,0.185988,-0.744095,8.9,0,0,0,1
133080855350246078,587.661,587.705,-0.767891,0.155632,-0.621389,8.8536,0.000251941,0.970112,0.242663,0.0802734,0.640582,0.186182,-0.744979,8.92893,0,0,0,1
133080855350579278,587.661,587.705,-0.769459,0.156832,-0.619143,8.88214,0.00133561,0.969778,0.243991,0.0834937,0.638697,0.186914,-0.746413,8.95828,0,0,0,1
133080855350912478,587.661,587.705,-0.77178,0.156621,-0.616302,8.90975,0.00111375,0.969526,0.244993,0.0898969,0.635892,0.188394,-0.748434,8.98752,0,0,0,1
133080855353578075,587.661,587.705,-0.759498,0.157148,-0.631244,9.0795,-0.0117656,0.966905,0.254868,0.119962,0.650405,0.200999,-0.732513,9.20368,0,0,0,1
133080855353911274,587.661,587.705,-0.759202,0.154927,-0.632149,9.09831,-0.0135617,0.967281,0.253349,0.114058,0.650715,0.200916,-0.732261,9.23189,0,0,0,1
133080855354244474,587.661,587.705,-0.75935,0.154592,-0.632053,9.11717,-0.0145423,0.967093,0.254011,0.106185,0.650522,0.202075,-0.732113,9.26139,0,0,0,1
133080855354577674,587.661,587.705,-0.759167,0.153771,-0.632474,9.13544,-0.0155503,0.967133,0.253802,0.097898,0.650713,0.202513,-0.731823,9.29017,0,0,0,1
133080855354910874,587.661,587.705,-0.757361,0.151566,-0.635164,9.15426,-0.0185526,0.967304,0.252945,0.089448,0.652734,0.203355,-0.729786,9.3222,0,0,0,1
133080855355244073,587.661,587.705,-0.754812,0.150059,-0.638548,9.17338,-0.022388,0.967021,0.253715,0.0817862,0.655561,0.205803,-0.726559,9.35533,0,0,0,1
133080855358576070,587.661,587.705,-0.711141,0.177947,-0.680159,9.38508,-0.0112823,0.964426,0.264116,0.118043,0.702962,0.195497,-0.683834,9.65606,0,0,0,1
133080855358909270,587.661,587.705,-0.707498,0.180279,-0.683336,9.40693,-0.00914767,0.9645,0.263929,0.117378,0.706658,0.19298,-0.680732,9.67838,0,0,0,1
133080855359242470,587.661,587.705,-0.704355,0.181741,-0.68619,9.43074,-0.00612417,0.965079,0.261893,0.113844,0.709823,0.188668,-0.678644,9.70279,0,0,0,1
133080855359575669,587.661,587.705,-0.701238,0.183065,-0.689024,9.45418,-0.00159264,0.966067,0.258293,0.107174,0.712928,0.182222,-0.67715,9.72516,0,0,0,1
133080855359908869,587.661,587.705,-0.698511,0.183203,-0.691752,9.47877,0.00247349,0.967287,0.253678,0.100516,0.715597,0.175485,-0.676113,9.75368,0,0,0,1
133080855360242069,587.661,587.705,-0.696731,0.182388,-0.693761,9.50582,0.00508928,0.96837,0.249472,0.0909863,0.717317,0.170284,-0.67562,9.77823,0,0,0,1
133080855361908067,587.661,587.705,-0.705016,0.171554,-0.688132,9.664,0.00547311,0.971589,0.236615,0.0748444,0.709173,0.163051,-0.685924,9.90519,0,0,0,1
133080855362241267,587.661,587.705,-0.710188,0.165213,-0.684355,9.6954,0.00202827,0.972551,0.232685,0.0823002,0.704012,0.163862,-0.691029,9.93022,0,0,0,1
133080855362574467,587.661,587.705,-0.712773,0.160008,-0.682903,9.72561,0.000418514,0.973729,0.227714,0.0903835,0.701398,0.162023,-0.694114,9.95483,0,0,0,1
133080855362907666,587.661,587.705,-0.711331,0.159764,-0.684462,9.75452,0.000363782,0.973909,0.226948,0.098423,0.70286,0.161186,-0.692829,9.9794,0,0,0,1
133080855363240866,587.661,587.705,-0.708244,0.162252,-0.687073,9.78206,-0.00170103,0.972837,0.23149,0.105831,0.705969,0.16512,-0.688729,10.0042,0,0,0,1
133080855363574066,587.661,587.705,-0.704785,0.163951,-0.69022,9.8087,-0.00602022,0.971513,0.236917,0.112145,0.709399,0.17113,-0.68372,10.0292,0,0,0,1
133080855363907265,587.661,587.705,-0.700842,0.166091,-0.693712,9.82851,-0.00984569,0.97017,0.242229,0.115734,0.71325,0.176594,-0.6783,10.0437,0,0,0,1
133080855364240465,587.661,587.705,-0.69538,0.169202,-0.698441,9.85481,-0.0128281,0.968811,0.247474,0.116671,0.71853,0.181048,-0.67152,10.0688,0,0,0,1
133080855364573665,587.661,587.705,-0.689014,0.171929,-0.704061,9.88151,-0.0157756,0.967668,0.25174,0.11427,0.724578,0.184559,-0.664024,10.0933,0,0,0,1
133080855367572462,587.661,587.705,-0.643145,0.172954,-0.745958,10.1354,-0.0422187,0.964669,0.260064,0.0745306,0.764581,0.198752,-0.613119,10.3602,0,0,0,1
133080855367905661,587.661,587.705,-0.640634,0.17361,-0.747964,10.1637,-0.0447815,0.964,0.26211,0.0823069,0.766541,0.201412,-0.609796,10.389,0,0,0,1
133080855368238861,587.661,587.705,-0.639653,0.17408,-0.748694,10.1918,-0.0451793,0.963821,0.262699,0.0912399,0.767336,0.201862,-0.608645,10.4158,0,0,0,1
133080855368572060,587.661,587.705,-0.638185,0.1778,-0.749072,10.2198,-0.0433787,0.963118,0.265564,0.100349,0.768662,0.201973,-0.606933,10.441,0,0,0,1
133080855368905261,587.661,587.705,-0.637015,0.181042,-0.749292,10.2473,-0.042471,0.962311,0.268618,0.108893,0.769683,0.202937,-0.605316,10.4656,0,0,0,1
133080855369238460,587.661,587.705,-0.636862,0.182472,-0.749075,10.2744,-0.0427137,0.961747,0.270594,0.115513,0.769796,0.204327,-0.604705,10.4884,0,0,0,1
133080855372570456,587.661,587.705,-0.665188,0.165574,-0.728088,10.562,-0.0145279,0.972051,0.234327,0.0722752,0.746536,0.166449,-0.64419,10.7076,0,0,0,1
133080855372903656,587.661,587.705,-0.675574,0.161905,-0.719298,10.5949,-0.0134819,0.972717,0.23161,0.0785332,0.737171,0.166167,-0.654958,10.7316,0,0,0,1
133080855373236856,587.661,587.705,-0.687247,0.155562,-0.709573,10.6278,-0.0164086,0.973229,0.229257,0.087132,0.72624,0.169199,-0.666296,10.7572,0,0,0,1
133080855373570055,587.661,587.705,-0.69934,0.154292,-0.69794,10.6591,-0.0177972,0.972365,0.232792,0.0954309,0.714569,0.175222,-0.677267,10.7834,0,0,0,1
133080855373903255,587.661,587.705,-0.709023,0.153397,-0.6883,10.6975,-0.0172454,0.971992,0.234387,0.112738,0.704976,0.178056,-0.686519,10.8315,0,0,0,1
133080855374236455,587.661,587.705,-0.716806,0.150823,-0.680767,10.7303,-0.0173768,0.97216,0.233678,0.121568,0.697058,0.179331,-0.694228,10.8624,0,0,0,1
133080855374569654,587.661,587.705,-0.722505,0.148383,-0.675257,10.7624,-0.0194411,0.971951,0.234382,0.129949,0.691095,0.18247,-0.699354,10.8929,0,0,0,1
133080855376235653,587.661,587.705,-0.725971,0.144057,-0.672471,10.9267,-0.0362611,0.968439,0.246606,0.122817,0.686771,0.203413,-0.697834,11.041,0,0,0,1
133080855376568852,587.661,587.705,-0.724773,0.139871,-0.674643,10.9595,-0.0391435,0.969237,0.243001,0.114829,0.687877,0.202528,-0.697001,11.071,0,0,0,1
133080855376902053,587.661,587.705,-0.72337,0.140122,-0.676096,10.9922,-0.0394627,0.969202,0.243092,0.106078,0.689335,0.202526,-0.695561,11.1017,0,0,0,1
133080855377235251,587.661,587.705,-0.721163,0.140685,-0.678332,11.0226,-0.039454,0.969234,0.242964,0.097651,0.691643,0.20198,-0.693425,11.1317,0,0,0,1
133080855377568451,587.661,587.705,-0.718903,0.14123,-0.680614,11.053,-0.0395205,0.969255,0.242869,0.0898547,0.693988,0.201497,-0.691218,11.1622,0,0,0,1
133080855378901250,587.661,587.705,-0.715392,0.157351,-0.680777,11.1837,-0.0276874,0.967165,0.252641,0.111794,0.698177,0.199586,-0.687545,11.2864,0,0,0,1
133080855379234450,587.661,587.705,-0.716027,0.161079,-0.679236,11.2162,-0.0227205,0.967121,0.253303,0.121957,0.697705,0.196804,-0.688825,11.3123,0,0,0,1
133080855379567649,587.661,587.705,-0.715925,0.164388,-0.67855,11.2486,-0.0193453,0.966843,0.254643,0.131771,0.697911,0.195432,-0.689006,11.3366,0,0,0,1
133080855379900849,587.661,587.705,-0.716083,0.1676,-0.677597,11.2812,-0.0187244,0.965785,0.258671,0.139232,0.697766,0.197917,-0.688444,11.3602,0,0,0,1
133080855380234048,587.661,587.705,-0.716892,0.170929,-0.675908,11.3134,-0.0171856,0.964854,0.262228,0.142929,0.696974,0.199605,-0.688759,11.3817,0,0,0,1
133080855380567248,587.661,587.705,-0.716704,0.17504,-0.675055,11.346,-0.0128763,0.964503,0.263765,0.144089,0.69726,0.197733,-0.689009,11.4031,0,0,0,1
133080855381233647,587.661,587.705,-0.719057,0.183249,-0.670358,11.4118,0.000381425,0.964714,0.263306,0.136312,0.694953,0.189076,-0.693754,11.4456,0,0,0,1
133080855381566847,587.661,587.705,-0.720036,0.183312,-0.669289,11.4455,0.00523423,0.965887,0.258917,0.129157,0.693919,0.182926,-0.696432,11.4655,0,0,0,1
133080855381900047,587.661,587.705,-0.722798,0.181796,-0.666721,11.4802,0.00853448,0.967053,0.254437,0.119786,0.691009,0.178216,-0.700535,11.4865,0,0,0,1
133080855382233246,587.661,587.705,-0.725969,0.181581,-0.663325,11.5165,0.013013,0.96797,0.250734,0.110626,0.687606,0.173393,-0.705079,11.5073,0,0,0,1
133080855382566446,587.661,587.705,-0.729443,0.182365,-0.659287,11.5538,0.0168164,0.968298,0.249236,0.102383,0.683837,0.170716,-0.709384,11.5276,0,0,0,1
133080855382899646,587.661,587.705,-0.733817,0.183891,-0.653987,11.5904,0.0194282,0.967955,0.250375,0.0954881,0.679071,0.171024,-0.713874,11.5444,0,0,0,1
133080855384565644,587.661,587.705,-0.758905,0.190354,-0.622761,11.7736,0.0258932,0.964388,0.263224,0.1161,0.650688,0.183637,-0.736808,11.6491,0,0,0,1
133080855384898844,587.661,587.705,-0.760041,0.191433,-0.621043,11.8063,0.0267502,0.964037,0.264423,0.124648,0.649328,0.184359,-0.737828,11.6689,0,0,0,1
133080855385232044,587.661,587.705,-0.756599,0.196199,-0.623752,11.8375,0.0292105,0.963113,0.267514,0.131588,0.653229,0.18418,-0.734421,11.69,0,0,0,1
133080855385565243,587.661,587.705,-0.749374,0.203386,-0.630139,11.8693,0.031337,0.961486,0.273067,0.136346,0.661407,0.184883,-0.726886,11.7109,0,0,0,1
133080855385898442,587.661,587.705,-0.739606,0.210157,-0.639391,11.8992,0.0315931,0.959794,0.278925,0.137787,0.672301,0.186094,-0.716508,11.7309,0,0,0,1
133080855386231642,587.661,587.705,-0.729458,0.213598,-0.649823,11.9296,0.0283392,0.958618,0.283289,0.136155,0.68344,0.188231,-0.705324,11.7512,0,0,0,1
133080855387897640,587.661,587.705,-0.673612,0.219234,-0.705822,12.0789,0.0198651,0.960019,0.279233,0.0983014,0.73882,0.174073,-0.651036,11.8634,0,0,0,1
133080855388230840,587.661,587.705,-0.660253,0.219473,-0.718262,12.1056,0.0173284,0.960548,0.277578,0.0912437,0.750845,0.170825,-0.638008,11.8881,0,0,0,1
133080855388564039,587.661,587.705,-0.6455,0.222244,-0.730712,12.1358,0.0189744,0.961099,0.275555,0.088697,0.763527,0.164006,-0.624606,11.9141,0,0,0,1
133080855388897239,587.661,587.705,-0.626423,0.227447,-0.745564,12.1682,0.0238058,0.961619,0.273358,0.0910101,0.779122,0.153489,-0.607794,11.9414,0,0,0,1
133080855389230440,587.661,587.705,-0.60618,0.232932,-0.760455,12.202,0.0261392,0.96147,0.273669,0.0965052,0.7949,0.146015,-0.588912,11.9679,0,0,0,1
133080855389563638,587.661,587.705,-0.587989,0.23607,-0.773656,12.2104,0.0257858,0.96145,0.273776,0.0971055,0.80846,0.141028,-0.571408,11.995,0,0,0,1
133080855390563237,587.661,587.705,-0.547137,0.249479,-0.799003,12.3111,0.0348975,0.960521,0.276014,0.123708,0.836317,0.123136,-0.534242,12.0664,0,0,0,1
133080855390896437,587.661,587.705,-0.538495,0.254987,-0.803124,12.3454,0.0368122,0.959325,0.279898,0.130777,0.841826,0.12116,-0.525977,12.0894,0,0,0,1
133080855391229636,587.661,587.705,-0.531545,0.258554,-0.806606,12.3817,0.0391613,0.958757,0.281519,0.134692,0.846126,0.118054,-0.519747,12.1138,0,0,0,1
133080855391562836,587.661,587.705,-0.526402,0.261532,-0.809015,12.4163,0.0435551,0.958563,0.281537,0.134093,0.849122,0.112965,-0.515979,12.1366,0,0,0,1
133080855391896036,587.661,587.705,-0.5219,0.263289,-0.811359,12.4514,0.049301,0.958894,0.279452,0.129821,0.851582,0.105847,-0.513427,12.1595,0,0,0,1
133080855392229235,587.661,587.705,-0.517315,0.264772,-0.813809,12.4877,0.0550188,0.95926,0.277121,0.122536,0.854027,0.0985854,-0.510807,12.1826,0,0,0,1
133080855392562435,587.661,587.705,-0.513708,0.264676,-0.816122,12.5236,0.0613464,0.960124,0.272764,0.112978,0.855771,0.0900556,-0.50946,12.2048,0,0,0,1
133080855395561232,587.661,587.705,-0.515287,0.274069,-0.812016,12.8804,0.0808171,0.958806,0.272328,0.124131,0.853201,0.0747037,-0.516209,12.4054,0,0,0,1
133080855395894431,587.661,587.705,-0.513368,0.273972,-0.813263,12.9138,0.0792088,0.958754,0.272985,0.133525,0.854508,0.0757255,-0.513893,12.4287,0,0,0,1
133080855396227631,587.661,587.705,-0.510382,0.271844,-0.815852,12.9462,0.0755602,0.959229,0.272348,0.141207,0.856624,0.0773568,-0.510113,12.4521,0,0,0,1
133080855396560831,587.661,587.705,-0.506432,0.272113,-0.818221,12.9776,0.0691372,0.958661,0.276027,0.145769,0.859506,0.0832206,-0.504309,12.4759,0,0,0,1
133080855396894030,587.661,587.705,-0.503794,0.272658,-0.819667,13.0088,0.0617625,0.957821,0.280654,0.146699,0.861615,0.0907683,-0.499384,12.5002,0,0,0,1
133080855397893629,587.661,587.705,-0.496133,0.262208,-0.827709,13.0987,0.041848,0.959424,0.27885,0.13219,0.867239,0.10371,-0.486974,12.5747,0,0,0,1
133080855398226829,587.661,587.705,-0.494567,0.256222,-0.830517,13.1295,0.0359228,0.96077,0.275015,0.122916,0.868399,0.10618,-0.484369,12.6008,0,0,0,1
133080855398560028,587.661,587.705,-0.492047,0.25178,-0.833367,13.1599,0.0312332,0.961756,0.272128,0.113589,0.87001,0.107872,-0.481092,12.6279,0,0,0,1
133080855398893228,587.661,587.705,-0.490403,0.247862,-0.835508,13.1906,0.0258498,0.96242,0.270339,0.105693,0.871114,0.110978,-0.47838,12.6561,0,0,0,1
133080855399226428,587.661,587.705,-0.490606,0.247779,-0.835413,13.2225,0.0234639,0.96213,0.271584,0.100305,0.871067,0.11364,-0.47784,12.6847,0,0,0,1
133080855399559627,587.661,587.705,-0.487995,0.251201,-0.83592,13.2556,0.0259841,0.96145,0.273755,0.0998812,0.872461,0.111871,-0.47571,12.7146,0,0,0,1
133080855399892826,587.661,587.705,-0.483423,0.254143,-0.837686,13.2889,0.0263072,0.960716,0.276287,0.103869,0.874994,0.111527,-0.471117,12.7446,0,0,0,1
133080855400226026,587.661,587.705,-0.481767,0.254735,-0.83846,13.322,0.0238446,0.960274,0.278044,0.110531,0.875977,0.113961,-0.468701,12.7726,0,0,0,1
